t_ms pacing_bps cwnd rtt_ms raw_pacing
0 451510328 18 19.858 451510328bps
0 64854376 8 49.06 64854376bps
0 64854376 10 82.302 64854376bps
0 64854376 11 105.882 64854376bps
0 64854376 11 99.556 64854376bps
1000 64854376 11 116.893 64854376bps
1000 81067976 14 129.211 81067976bps
1000 81067976 14 165.776 81067976bps
1000 81067976 14 166.852 81067976bps
1000 81067976 14 217.132 81067976bps
1000 58774280 11 228.469 58774280bps
1000 58774280 11 225.608 58774280bps
2000 53451536 11 209.045 53451536bps
2000 53451536 11 204.565 53451536bps
2000 53451536 11 207.249 53451536bps
2000 53451536 11 200.014 53451536bps
2000 53451536 11 195.956 53451536bps
2000 58981008 9 198.892 58981008bps
2000 73726264 12 188.017 73726264bps
3000 73726264 12 185.504 73726264bps
3000 73726264 12 198.268 73726264bps
3000 73726264 12 217.353 73726264bps
3000 73726264 12 207.113 73726264bps
3000 73726264 14 217.88 73726264bps
3000 53451536 11 204.691 53451536bps
3000 58981008 14 219.187 58981008bps
4000 31716200 8 197.916 31716200bps
4000 31716200 8 154.618 31716200bps
4000 31716200 8 134.592 31716200bps
4000 31716200 8 126.35 31716200bps
4000 31716200 8 128.148 31716200bps
4000 39645248 11 140.097 39645248bps
4000 39645248 11 145.067 39645248bps
5000 39645248 11 168.842 39645248bps
5000 39645248 11 182.409 39645248bps
5000 31716200 4 180.838 31716200bps
5000 31716200 4 139.925 31716200bps
5000 31716200 7 103.818 31716200bps
5000 31716200 7 102.814 31716200bps
5000 31716200 7 110.548 31716200bps
5000 31716200 7 119.304 31716200bps
6000 31716200 7 122.983 31716200bps
6000 39645248 9 122.453 39645248bps
6000 39645248 9 126.644 39645248bps
6000 39645248 10 151.679 39645248bps
6000 39645248 10 140.7 39645248bps
6000 31716200 8 134.073 31716200bps
6000 31716200 8 128.47 31716200bps
7000 31716200 8 124.432 31716200bps
7000 31716200 8 127.959 31716200bps
7000 31716200 8 140.719 31716200bps
7000 31716200 8 131.918 31716200bps
7000 39645248 11 133.006 39645248bps
7000 39645248 9 156.123 39645248bps
7000 40533984 10 160.038 40533984bps
8000 40533984 10 157.994 40533984bps
8000 32427184 7 169.593 32427184bps
8000 32427184 7 145.942 32427184bps
8000 39475232 8 134.55 39475232bps
8000 39475232 8 141.392 39475232bps
8000 39475232 8 139.946 39475232bps
8000 39475232 8 144.364 39475232bps
9000 49344040 10 146.452 49344040bps
9000 49344040 10 142.121 49344040bps
9000 49344040 11 162.139 49344040bps
9000 49344040 11 161.386 49344040bps
9000 35774432 9 187.711 35774432bps
9000 35774432 9 160.949 35774432bps
9000 35774432 9 159.856 35774432bps
9000 35774432 9 165.188 35774432bps
10000 35774432 9 162.972 35774432bps
10000 35774432 9 156.523 35774432bps
10000 35774432 13 152.712 35774432bps
10000 39475232 4 156.696 39475232bps
10000 39475232 4 171.47 39475232bps
10000 39475232 4 130.017 39475232bps
10000 39475232 12 99.034 39475232bps
11000 39475232 12 103.175 39475232bps
11000 39475232 12 118.937 39475232bps
11000 39475232 12 153.161 39475232bps
11000 39475232 12 183.074 39475232bps
11000 39475232 12 193.516 39475232bps
11000 39475232 11 204.227 39475232bps
11000 39475232 11 203.419 39475232bps
12000 39475232 11 204.607 39475232bps
12000 49344040 13 201.177 49344040bps
12000 49344040 13 202.855 49344040bps
12000 49344040 13 217.863 49344040bps
12000 49344040 13 222.93 49344040bps
12000 49344040 13 230.441 49344040bps
12000 35774432 12 229.911 35774432bps
13000 35774432 12 228.763 35774432bps
13000 31824392 11 215.439 31824392bps
13000 31824392 11 219.319 31824392bps
13000 31824392 11 207.844 31824392bps
13000 31824392 11 206.353 31824392bps
13000 31824392 11 202.36 31824392bps
13000 31824392 11 203.732 31824392bps
13000 31824392 10 201.085 31824392bps
14000 35116576 11 184.99 35116576bps
14000 35116576 11 180.693 35116576bps
14000 43895720 14 191.078 43895720bps
14000 43895720 14 208.846 43895720bps
14000 43895720 15 232.845 43895720bps
14000 43895720 15 235.51 43895720bps
14000 43895720 15 256.065 43895720bps
15000 43895720 15 257.639 43895720bps
15000 43895720 15 266.778 43895720bps
15000 31824392 12 266.71 31824392bps
15000 31824392 12 253.055 31824392bps
15000 29891400 12 220.369 29891400bps
15000 29891400 12 213.622 29891400bps
15000 32983616 4 214.619 32983616bps
16000 32983616 4 176.929 32983616bps
16000 34560152 4 147.832 34560152bps
16000 34560152 12 114.638 34560152bps
16000 34560152 12 114.321 34560152bps
16000 34560152 12 122.531 34560152bps
16000 34560152 12 149.571 34560152bps
16000 34560152 12 184.925 34560152bps
17000 34560152 10 190.666 34560152bps
17000 43200184 12 191.942 43200184bps
17000 43200184 12 187.93 43200184bps
17000 43200184 12 197.95 43200184bps
17000 43200184 12 205.218 43200184bps
17000 43200184 12 209.152 43200184bps
17000 31320136 10 211.335 31320136bps
18000 31320136 10 201.5 31320136bps
18000 31320136 10 195.722 31320136bps
18000 31320136 10 189.209 31320136bps
18000 31320136 10 187.042 31320136bps
18000 31320136 10 184.467 31320136bps
18000 31320136 10 183.935 31320136bps
18000 31320136 10 183.024 31320136bps
18000 34560152 8 182.521 34560152bps
19000 43200184 12 158.971 43200184bps
19000 43200184 12 159.133 43200184bps
19000 43200184 12 189.767 43200184bps
19000 43200184 12 192.89 43200184bps
19000 43200184 12 201.302 43200184bps
19000 43200184 12 208.252 43200184bps
19000 31320136 10 209.862 31320136bps
20000 30675800 12 192.184 30675800bps
20000 30675800 12 171.116 30675800bps
20000 30675800 12 159.649 30675800bps
20000 30675800 12 169.023 30675800bps
20000 30675800 12 177.559 30675800bps
20000 30675800 12 187.022 30675800bps
20000 33849160 12 193.579 33849160bps
21000 33849160 12 213.439 33849160bps
21000 42311456 14 207.218 42311456bps
21000 33849160 4 215.8 33849160bps
21000 39475232 4 176.66 39475232bps
21000 39475232 4 141.564 39475232bps
21000 39475232 13 115.513 39475232bps
21000 39475232 11 121.741 39475232bps
22000 39475232 11 145.032 39475232bps
22000 39475232 11 176.222 39475232bps
22000 39475232 11 182.537 39475232bps
22000 39475232 11 190.895 39475232bps
22000 39475232 11 197.678 39475232bps
22000 49344040 13 196.874 49344040bps
22000 49344040 12 211.967 49344040bps
23000 49344040 13 219.24 49344040bps
23000 49344040 13 222.428 49344040bps
23000 35774432 12 225.84 35774432bps
23000 35774432 12 225.247 35774432bps
23000 35774432 12 223.227 35774432bps
23000 35774432 12 217.273 35774432bps
23000 35774432 12 222.018 35774432bps
23000 35774432 12 209.462 35774432bps
24000 35774432 12 220.798 35774432bps
24000 35774432 12 211.311 35774432bps
24000 35774432 12 216.428 35774432bps
24000 35774432 12 214.851 35774432bps
24000 39475232 12 211.665 39475232bps
24000 39475232 12 219.589 39475232bps
24000 49344040 14 210.898 49344040bps
25000 49344040 14 228.527 49344040bps
25000 49344040 14 236.051 49344040bps
25000 49344040 14 233.095 49344040bps
25000 49344040 14 254.44 49344040bps
25000 49344040 14 243.845 49344040bps
25000 49344040 14 253.83 49344040bps
25000 35774432 12 245.626 35774432bps
26000 35774432 14 239.736 35774432bps
26000 29919416 12 195.092 29919416bps
26000 29919416 12 190.615 29919416bps
26000 29919416 12 188.429 29919416bps
26000 29919416 12 189.203 29919416bps
26000 33014528 4 192.028 33014528bps
26000 33014528 4 151.512 33014528bps
27000 33014528 12 116.789 33014528bps
27000 33014528 12 114.012 33014528bps
27000 33014528 10 117.605 33014528bps
27000 33014528 10 133.566 33014528bps
27000 33014528 10 155.201 33014528bps
27000 33014528 10 164.321 33014528bps
27000 33014528 10 171.955 33014528bps
27000 41268160 12 175.779 41268160bps
28000 41268160 12 179.181 41268160bps
28000 41268160 10 190.322 41268160bps
28000 42311456 14 185.21 42311456bps
28000 42311456 14 183.616 42311456bps
28000 30675800 12 210.271 30675800bps
28000 30675800 12 222.056 30675800bps
28000 30675800 12 206.98 30675800bps
29000 30675800 12 206.359 30675800bps
29000 30675800 12 219.61 30675800bps
29000 30675800 12 214.411 30675800bps
29000 30675800 12 206.072 30675800bps
29000 30675800 12 206.336 30675800bps
29000 30675800 12 221.075 30675800bps
29000 33849160 12 207.426 33849160bps
30000 33849160 12 205.847 33849160bps
30000 42311456 14 215.296 42311456bps
30000 42311456 14 213.772 42311456bps
30000 481945376 14 45.888 481945376bps
30000 481945376 17 45.868 481945376bps
