t_ms pacing_bps cwnd rtt_ms raw_pacing
0 428705480 13 21.104 428705480bps
0 428705480 13 21.104 428705480bps
0 428705480 13 21.104 428705480bps
1000 428705480 13 21.104 428705480bps
1000 428705480 13 21.104 428705480bps
1000 428705480 13 21.104 428705480bps
1000 428705480 13 21.104 428705480bps
1000 428705480 13 21.104 428705480bps
1000 428705480 13 21.104 428705480bps
1000 428705480 13 21.104 428705480bps
2000 428705480 13 21.104 428705480bps
2000 428705480 13 21.104 428705480bps
2000 428705480 13 21.104 428705480bps
2000 428705480 13 21.104 428705480bps
2000 428705480 13 21.104 428705480bps
2000 428705480 13 21.104 428705480bps
2000 428705480 13 21.104 428705480bps
3000 428705480 13 21.104 428705480bps
3000 428705480 13 21.104 428705480bps
3000 428705480 13 21.104 428705480bps
3000 428705480 13 21.104 428705480bps
3000 428705480 13 21.104 428705480bps
3000 428705480 13 21.104 428705480bps
3000 428705480 13 21.104 428705480bps
4000 428705480 13 21.104 428705480bps
4000 428705480 13 21.104 428705480bps
4000 428705480 13 21.104 428705480bps
4000 428705480 13 21.104 428705480bps
4000 428705480 13 21.104 428705480bps
4000 428705480 13 21.104 428705480bps
4000 428705480 13 21.104 428705480bps
5000 428705480 13 21.104 428705480bps
5000 428705480 13 21.104 428705480bps
5000 428705480 13 21.104 428705480bps
5000 428705480 13 21.104 428705480bps
5000 428705480 13 21.104 428705480bps
5000 428705480 13 21.104 428705480bps
5000 428705480 13 21.104 428705480bps
6000 428705480 13 21.104 428705480bps
6000 428705480 13 21.104 428705480bps
6000 428705480 13 21.104 428705480bps
6000 428705480 13 21.104 428705480bps
6000 428705480 13 21.104 428705480bps
6000 428705480 13 21.104 428705480bps
7000 428705480 13 21.104 428705480bps
7000 428705480 13 21.104 428705480bps
7000 428705480 13 21.104 428705480bps
7000 428705480 13 21.104 428705480bps
7000 428705480 13 21.104 428705480bps
7000 428705480 13 21.104 428705480bps
7000 428705480 13 21.104 428705480bps
8000 428705480 13 21.104 428705480bps
8000 428705480 13 21.104 428705480bps
8000 428705480 13 21.104 428705480bps
8000 428705480 13 21.104 428705480bps
8000 428705480 13 21.104 428705480bps
8000 428705480 13 21.104 428705480bps
8000 428705480 13 21.104 428705480bps
9000 428705480 13 21.104 428705480bps
9000 428705480 13 21.104 428705480bps
9000 428705480 13 21.104 428705480bps
9000 428705480 13 21.104 428705480bps
9000 428705480 13 21.104 428705480bps
9000 428705480 13 21.104 428705480bps
10000 428705480 13 21.104 428705480bps
10000 428705480 13 21.104 428705480bps
10000 428705480 13 21.104 428705480bps
10000 428705480 13 21.104 428705480bps
10000 428705480 13 21.104 428705480bps
10000 428705480 13 21.104 428705480bps
10000 428705480 13 21.104 428705480bps
11000 428705480 13 21.104 428705480bps
11000 428705480 13 21.104 428705480bps
11000 428705480 13 21.104 428705480bps
11000 428705480 13 21.104 428705480bps
11000 428705480 13 21.104 428705480bps
11000 428705480 13 21.104 428705480bps
12000 428705480 13 21.104 428705480bps
12000 428705480 13 21.104 428705480bps
12000 428705480 13 21.104 428705480bps
12000 428705480 13 21.104 428705480bps
12000 428705480 13 21.104 428705480bps
12000 428705480 13 21.104 428705480bps
12000 428705480 13 21.104 428705480bps
13000 428705480 13 21.104 428705480bps
13000 428705480 13 21.104 428705480bps
13000 428705480 13 21.104 428705480bps
13000 428705480 13 21.104 428705480bps
13000 428705480 13 21.104 428705480bps
13000 428705480 13 21.104 428705480bps
14000 428705480 13 21.104 428705480bps
14000 428705480 13 21.104 428705480bps
14000 428705480 13 21.104 428705480bps
14000 428705480 13 21.104 428705480bps
14000 428705480 13 21.104 428705480bps
14000 428705480 13 21.104 428705480bps
14000 428705480 13 21.104 428705480bps
15000 428705480 13 21.104 428705480bps
15000 428705480 13 21.104 428705480bps
15000 428705480 13 21.104 428705480bps
15000 428705480 13 21.104 428705480bps
15000 428705480 13 21.104 428705480bps
15000 428705480 13 21.104 428705480bps
15000 428705480 13 21.104 428705480bps
16000 428705480 13 21.104 428705480bps
16000 428705480 13 21.104 428705480bps
16000 428705480 13 21.104 428705480bps
16000 428705480 13 21.104 428705480bps
16000 428705480 13 21.104 428705480bps
16000 428705480 13 21.104 428705480bps
17000 428705480 13 21.104 428705480bps
17000 428705480 13 21.104 428705480bps
17000 428705480 13 21.104 428705480bps
17000 428705480 13 21.104 428705480bps
17000 428705480 13 21.104 428705480bps
17000 428705480 13 21.104 428705480bps
17000 428705480 13 21.104 428705480bps
18000 428705480 13 21.104 428705480bps
18000 428705480 13 21.104 428705480bps
18000 428705480 13 21.104 428705480bps
18000 428705480 13 21.104 428705480bps
18000 428705480 13 21.104 428705480bps
18000 428705480 13 21.104 428705480bps
18000 428705480 13 21.104 428705480bps
19000 428705480 13 21.104 428705480bps
19000 428705480 13 21.104 428705480bps
19000 428705480 13 21.104 428705480bps
19000 428705480 13 21.104 428705480bps
19000 428705480 13 21.104 428705480bps
19000 428705480 13 21.104 428705480bps
19000 428705480 13 21.104 428705480bps
20000 428705480 13 21.104 428705480bps
20000 428705480 13 21.104 428705480bps
20000 428705480 13 21.104 428705480bps
20000 428705480 13 21.104 428705480bps
20000 428705480 13 21.104 428705480bps
20000 428705480 13 21.104 428705480bps
21000 428705480 13 21.104 428705480bps
21000 428705480 13 21.104 428705480bps
21000 428705480 13 21.104 428705480bps
21000 428705480 13 21.104 428705480bps
21000 428705480 13 21.104 428705480bps
21000 428705480 13 21.104 428705480bps
21000 428705480 13 21.104 428705480bps
22000 428705480 13 21.104 428705480bps
22000 428705480 13 21.104 428705480bps
22000 428705480 13 21.104 428705480bps
22000 428705480 13 21.104 428705480bps
22000 428705480 13 21.104 428705480bps
22000 428705480 13 21.104 428705480bps
22000 428705480 13 21.104 428705480bps
23000 428705480 13 21.104 428705480bps
23000 428705480 13 21.104 428705480bps
23000 428705480 13 21.104 428705480bps
23000 428705480 13 21.104 428705480bps
23000 428705480 13 21.104 428705480bps
23000 428705480 13 21.104 428705480bps
24000 428705480 13 21.104 428705480bps
24000 428705480 13 21.104 428705480bps
24000 428705480 13 21.104 428705480bps
24000 428705480 13 21.104 428705480bps
24000 428705480 13 21.104 428705480bps
24000 428705480 13 21.104 428705480bps
24000 428705480 13 21.104 428705480bps
25000 428705480 13 21.104 428705480bps
25000 428705480 13 21.104 428705480bps
25000 428705480 13 21.104 428705480bps
25000 428705480 13 21.104 428705480bps
25000 428705480 13 21.104 428705480bps
25000 428705480 13 21.104 428705480bps
25000 428705480 13 21.104 428705480bps
26000 428705480 13 21.104 428705480bps
26000 428705480 13 21.104 428705480bps
26000 428705480 13 21.104 428705480bps
26000 428705480 13 21.104 428705480bps
26000 428705480 13 21.104 428705480bps
26000 428705480 13 21.104 428705480bps
27000 428705480 13 21.104 428705480bps
27000 428705480 13 21.104 428705480bps
27000 428705480 13 21.104 428705480bps
27000 428705480 13 21.104 428705480bps
27000 428705480 13 21.104 428705480bps
27000 428705480 13 21.104 428705480bps
27000 428705480 13 21.104 428705480bps
28000 428705480 13 21.104 428705480bps
28000 428705480 13 21.104 428705480bps
28000 428705480 13 21.104 428705480bps
28000 428705480 13 21.104 428705480bps
28000 428705480 13 21.104 428705480bps
28000 428705480 13 21.104 428705480bps
28000 428705480 13 21.104 428705480bps
29000 428705480 13 21.104 428705480bps
29000 428705480 13 21.104 428705480bps
29000 428705480 13 21.104 428705480bps
29000 428705480 13 21.104 428705480bps
29000 428705480 13 21.104 428705480bps
29000 428705480 13 21.104 428705480bps
29000 428705480 13 21.104 428705480bps
30000 428705480 13 21.104 428705480bps
30000 428705480 13 21.104 428705480bps
30000 428705480 13 21.104 428705480bps
30000 428705480 13 21.104 428705480bps
30000 428705480 13 21.104 428705480bps
30000 428705480 13 21.104 428705480bps
31000 428705480 13 21.104 428705480bps
31000 428705480 13 21.104 428705480bps
31000 428705480 13 21.104 428705480bps
31000 428705480 13 21.104 428705480bps
31000 428705480 13 21.104 428705480bps
31000 428705480 13 21.104 428705480bps
31000 428705480 13 21.104 428705480bps
32000 428705480 13 21.104 428705480bps
32000 428705480 13 21.104 428705480bps
32000 428705480 13 21.104 428705480bps
32000 428705480 13 21.104 428705480bps
32000 428705480 13 21.104 428705480bps
32000 428705480 13 21.104 428705480bps
32000 428705480 13 21.104 428705480bps
33000 428705480 13 21.104 428705480bps
33000 428705480 13 21.104 428705480bps
33000 428705480 13 21.104 428705480bps
33000 428705480 13 21.104 428705480bps
33000 428705480 13 21.104 428705480bps
33000 428705480 13 21.104 428705480bps
34000 428705480 13 21.104 428705480bps
34000 428705480 13 21.104 428705480bps
34000 428705480 13 21.104 428705480bps
34000 428705480 13 21.104 428705480bps
34000 428705480 13 21.104 428705480bps
34000 428705480 13 21.104 428705480bps
34000 428705480 13 21.104 428705480bps
35000 428705480 13 21.104 428705480bps
35000 428705480 13 21.104 428705480bps
35000 428705480 13 21.104 428705480bps
35000 428705480 13 21.104 428705480bps
35000 428705480 13 21.104 428705480bps
35000 428705480 13 21.104 428705480bps
35000 428705480 13 21.104 428705480bps
36000 428705480 13 21.104 428705480bps
36000 428705480 13 21.104 428705480bps
36000 428705480 13 21.104 428705480bps
36000 428705480 13 21.104 428705480bps
36000 428705480 13 21.104 428705480bps
36000 428705480 13 21.104 428705480bps
36000 428705480 13 21.104 428705480bps
37000 428705480 13 21.104 428705480bps
37000 428705480 13 21.104 428705480bps
37000 428705480 13 21.104 428705480bps
37000 428705480 13 21.104 428705480bps
37000 428705480 13 21.104 428705480bps
37000 428705480 13 21.104 428705480bps
38000 428705480 13 21.104 428705480bps
38000 428705480 13 21.104 428705480bps
38000 428705480 13 21.104 428705480bps
38000 428705480 13 21.104 428705480bps
38000 428705480 13 21.104 428705480bps
38000 428705480 13 21.104 428705480bps
38000 428705480 13 21.104 428705480bps
39000 428705480 13 21.104 428705480bps
39000 428705480 13 21.104 428705480bps
39000 428705480 13 21.104 428705480bps
39000 428705480 13 21.104 428705480bps
39000 428705480 13 21.104 428705480bps
39000 428705480 13 21.104 428705480bps
40000 428705480 13 21.104 428705480bps
40000 428705480 13 21.104 428705480bps
40000 428705480 13 21.104 428705480bps
40000 428705480 13 21.104 428705480bps
40000 428705480 13 21.104 428705480bps
40000 428705480 13 21.104 428705480bps
40000 428705480 13 21.104 428705480bps
41000 428705480 13 21.104 428705480bps
41000 428705480 13 21.104 428705480bps
41000 428705480 13 21.104 428705480bps
41000 428705480 13 21.104 428705480bps
41000 428705480 13 21.104 428705480bps
41000 428705480 13 21.104 428705480bps
41000 428705480 13 21.104 428705480bps
42000 428705480 13 21.104 428705480bps
42000 428705480 13 21.104 428705480bps
42000 428705480 13 21.104 428705480bps
42000 428705480 13 21.104 428705480bps
42000 428705480 13 21.104 428705480bps
42000 428705480 13 21.104 428705480bps
43000 428705480 13 21.104 428705480bps
43000 428705480 13 21.104 428705480bps
43000 428705480 13 21.104 428705480bps
43000 428705480 13 21.104 428705480bps
43000 428705480 13 21.104 428705480bps
43000 428705480 13 21.104 428705480bps
43000 428705480 13 21.104 428705480bps
44000 428705480 13 21.104 428705480bps
44000 428705480 13 21.104 428705480bps
44000 428705480 13 21.104 428705480bps
44000 428705480 13 21.104 428705480bps
44000 428705480 13 21.104 428705480bps
44000 428705480 13 21.104 428705480bps
45000 428705480 13 21.104 428705480bps
45000 428705480 13 21.104 428705480bps
45000 428705480 13 21.104 428705480bps
45000 428705480 13 21.104 428705480bps
45000 428705480 13 21.104 428705480bps
45000 428705480 13 21.104 428705480bps
45000 428705480 13 21.104 428705480bps
46000 428705480 13 21.104 428705480bps
46000 428705480 13 21.104 428705480bps
46000 428705480 13 21.104 428705480bps
46000 428705480 13 21.104 428705480bps
46000 428705480 13 21.104 428705480bps
46000 428705480 13 21.104 428705480bps
46000 428705480 13 21.104 428705480bps
47000 428705480 13 21.104 428705480bps
47000 428705480 13 21.104 428705480bps
47000 428705480 13 21.104 428705480bps
47000 428705480 13 21.104 428705480bps
47000 428705480 13 21.104 428705480bps
47000 428705480 13 21.104 428705480bps
47000 428705480 13 21.104 428705480bps
48000 428705480 13 21.104 428705480bps
48000 428705480 13 21.104 428705480bps
48000 428705480 13 21.104 428705480bps
48000 428705480 13 21.104 428705480bps
48000 428705480 13 21.104 428705480bps
48000 428705480 13 21.104 428705480bps
49000 428705480 13 21.104 428705480bps
49000 428705480 13 21.104 428705480bps
49000 428705480 13 21.104 428705480bps
49000 428705480 13 21.104 428705480bps
49000 428705480 13 21.104 428705480bps
49000 428705480 13 21.104 428705480bps
49000 428705480 13 21.104 428705480bps
50000 428705480 13 21.104 428705480bps
50000 428705480 13 21.104 428705480bps
50000 428705480 13 21.104 428705480bps
50000 428705480 13 21.104 428705480bps
50000 428705480 13 21.104 428705480bps
50000 428705480 13 21.104 428705480bps
51000 428705480 13 21.104 428705480bps
51000 428705480 13 21.104 428705480bps
51000 428705480 13 21.104 428705480bps
51000 428705480 13 21.104 428705480bps
51000 428705480 13 21.104 428705480bps
51000 428705480 13 21.104 428705480bps
51000 428705480 13 21.104 428705480bps
52000 428705480 13 21.104 428705480bps
52000 428705480 13 21.104 428705480bps
52000 428705480 13 21.104 428705480bps
52000 428705480 13 21.104 428705480bps
52000 428705480 13 21.104 428705480bps
52000 428705480 13 21.104 428705480bps
52000 428705480 13 21.104 428705480bps
53000 428705480 13 21.104 428705480bps
53000 428705480 13 21.104 428705480bps
53000 428705480 13 21.104 428705480bps
53000 428705480 13 21.104 428705480bps
53000 428705480 13 21.104 428705480bps
53000 428705480 13 21.104 428705480bps
54000 428705480 13 21.104 428705480bps
54000 428705480 13 21.104 428705480bps
54000 428705480 13 21.104 428705480bps
54000 428705480 13 21.104 428705480bps
54000 428705480 13 21.104 428705480bps
54000 428705480 13 21.104 428705480bps
54000 428705480 13 21.104 428705480bps
55000 428705480 13 21.104 428705480bps
55000 428705480 13 21.104 428705480bps
55000 428705480 13 21.104 428705480bps
55000 428705480 13 21.104 428705480bps
55000 428705480 13 21.104 428705480bps
55000 428705480 13 21.104 428705480bps
55000 428705480 13 21.104 428705480bps
56000 428705480 13 21.104 428705480bps
56000 428705480 13 21.104 428705480bps
56000 428705480 13 21.104 428705480bps
56000 428705480 13 21.104 428705480bps
56000 428705480 13 21.104 428705480bps
56000 428705480 13 21.104 428705480bps
56000 428705480 13 21.104 428705480bps
57000 428705480 13 21.104 428705480bps
57000 428705480 13 21.104 428705480bps
57000 428705480 13 21.104 428705480bps
57000 428705480 13 21.104 428705480bps
57000 428705480 13 21.104 428705480bps
57000 428705480 13 21.104 428705480bps
57000 428705480 13 21.104 428705480bps
58000 428705480 13 21.104 428705480bps
58000 428705480 13 21.104 428705480bps
58000 428705480 13 21.104 428705480bps
58000 428705480 13 21.104 428705480bps
58000 428705480 13 21.104 428705480bps
58000 428705480 13 21.104 428705480bps
58000 428705480 13 21.104 428705480bps
59000 428705480 13 21.104 428705480bps
59000 428705480 13 21.104 428705480bps
59000 428705480 13 21.104 428705480bps
59000 428705480 13 21.104 428705480bps
59000 428705480 13 21.104 428705480bps
59000 428705480 13 21.104 428705480bps
59000 428705480 13 21.104 428705480bps
60000 428705480 13 21.104 428705480bps
60000 428705480 13 21.104 428705480bps
60000 428705480 13 21.104 428705480bps
60000 428705480 13 21.104 428705480bps
60000 428705480 13 21.104 428705480bps
60000 428705480 13 21.104 428705480bps
60000 428705480 13 21.104 428705480bps
61000 428705480 13 21.104 428705480bps
61000 428705480 13 21.104 428705480bps
61000 428705480 13 21.104 428705480bps
61000 428705480 13 21.104 428705480bps
61000 428705480 13 21.104 428705480bps
61000 428705480 13 21.104 428705480bps
61000 428705480 13 21.104 428705480bps
61000 428705480 13 21.104 428705480bps
62000 428705480 13 21.104 428705480bps
62000 428705480 13 21.104 428705480bps
62000 428705480 13 21.104 428705480bps
62000 428705480 13 21.104 428705480bps
62000 428705480 13 21.104 428705480bps
62000 428705480 13 21.104 428705480bps
62000 428705480 13 21.104 428705480bps
63000 428705480 13 21.104 428705480bps
63000 428705480 13 21.104 428705480bps
63000 428705480 13 21.104 428705480bps
63000 428705480 13 21.104 428705480bps
63000 428705480 13 21.104 428705480bps
63000 428705480 13 21.104 428705480bps
63000 428705480 13 21.104 428705480bps
64000 428705480 13 21.104 428705480bps
64000 428705480 13 21.104 428705480bps
64000 428705480 13 21.104 428705480bps
64000 428705480 13 21.104 428705480bps
64000 428705480 13 21.104 428705480bps
64000 428705480 13 21.104 428705480bps
64000 428705480 13 21.104 428705480bps
65000 428705480 13 21.104 428705480bps
65000 428705480 13 21.104 428705480bps
65000 428705480 13 21.104 428705480bps
65000 428705480 13 21.104 428705480bps
65000 428705480 13 21.104 428705480bps
65000 428705480 13 21.104 428705480bps
65000 428705480 13 21.104 428705480bps
66000 428705480 13 21.104 428705480bps
66000 428705480 13 21.104 428705480bps
66000 428705480 13 21.104 428705480bps
66000 428705480 13 21.104 428705480bps
66000 428705480 13 21.104 428705480bps
66000 428705480 13 21.104 428705480bps
66000 428705480 13 21.104 428705480bps
67000 428705480 13 21.104 428705480bps
67000 428705480 13 21.104 428705480bps
67000 428705480 13 21.104 428705480bps
67000 428705480 13 21.104 428705480bps
67000 428705480 13 21.104 428705480bps
67000 428705480 13 21.104 428705480bps
67000 428705480 13 21.104 428705480bps
67000 428705480 13 21.104 428705480bps
68000 428705480 13 21.104 428705480bps
68000 428705480 13 21.104 428705480bps
68000 428705480 13 21.104 428705480bps
68000 428705480 13 21.104 428705480bps
68000 428705480 13 21.104 428705480bps
68000 428705480 13 21.104 428705480bps
68000 428705480 13 21.104 428705480bps
69000 428705480 13 21.104 428705480bps
69000 428705480 13 21.104 428705480bps
69000 428705480 13 21.104 428705480bps
69000 428705480 13 21.104 428705480bps
69000 428705480 13 21.104 428705480bps
69000 428705480 13 21.104 428705480bps
69000 428705480 13 21.104 428705480bps
70000 428705480 13 21.104 428705480bps
70000 428705480 13 21.104 428705480bps
70000 428705480 13 21.104 428705480bps
70000 428705480 13 21.104 428705480bps
70000 428705480 13 21.104 428705480bps
70000 428705480 13 21.104 428705480bps
70000 428705480 13 21.104 428705480bps
71000 428705480 13 21.104 428705480bps
71000 428705480 13 21.104 428705480bps
71000 428705480 13 21.104 428705480bps
71000 428705480 13 21.104 428705480bps
71000 428705480 13 21.104 428705480bps
71000 428705480 13 21.104 428705480bps
71000 428705480 13 21.104 428705480bps
72000 428705480 13 21.104 428705480bps
72000 428705480 13 21.104 428705480bps
72000 428705480 13 21.104 428705480bps
72000 428705480 13 21.104 428705480bps
72000 428705480 13 21.104 428705480bps
72000 428705480 13 21.104 428705480bps
72000 428705480 13 21.104 428705480bps
73000 428705480 13 21.104 428705480bps
73000 428705480 13 21.104 428705480bps
73000 428705480 13 21.104 428705480bps
73000 428705480 13 21.104 428705480bps
73000 428705480 13 21.104 428705480bps
73000 428705480 13 21.104 428705480bps
73000 428705480 13 21.104 428705480bps
74000 428705480 13 21.104 428705480bps
74000 428705480 13 21.104 428705480bps
74000 428705480 13 21.104 428705480bps
74000 428705480 13 21.104 428705480bps
74000 428705480 13 21.104 428705480bps
74000 428705480 13 21.104 428705480bps
74000 428705480 13 21.104 428705480bps
75000 428705480 13 21.104 428705480bps
75000 428705480 13 21.104 428705480bps
75000 428705480 13 21.104 428705480bps
75000 428705480 13 21.104 428705480bps
75000 428705480 13 21.104 428705480bps
75000 428705480 13 21.104 428705480bps
75000 428705480 13 21.104 428705480bps
75000 428705480 13 21.104 428705480bps
76000 428705480 13 21.104 428705480bps
76000 428705480 13 21.104 428705480bps
76000 428705480 13 21.104 428705480bps
76000 428705480 13 21.104 428705480bps
76000 428705480 13 21.104 428705480bps
76000 428705480 13 21.104 428705480bps
76000 428705480 13 21.104 428705480bps
77000 428705480 13 21.104 428705480bps
77000 428705480 13 21.104 428705480bps
77000 428705480 13 21.104 428705480bps
77000 428705480 13 21.104 428705480bps
77000 428705480 13 21.104 428705480bps
77000 428705480 13 21.104 428705480bps
77000 428705480 13 21.104 428705480bps
78000 428705480 13 21.104 428705480bps
78000 428705480 13 21.104 428705480bps
78000 428705480 13 21.104 428705480bps
78000 428705480 13 21.104 428705480bps
78000 428705480 13 21.104 428705480bps
78000 428705480 13 21.104 428705480bps
78000 428705480 13 21.104 428705480bps
79000 428705480 13 21.104 428705480bps
79000 428705480 13 21.104 428705480bps
79000 428705480 13 21.104 428705480bps
79000 428705480 13 21.104 428705480bps
79000 428705480 13 21.104 428705480bps
79000 428705480 13 21.104 428705480bps
79000 428705480 13 21.104 428705480bps
80000 428705480 13 21.104 428705480bps
80000 428705480 13 21.104 428705480bps
80000 428705480 13 21.104 428705480bps
80000 428705480 13 21.104 428705480bps
80000 428705480 13 21.104 428705480bps
80000 428705480 13 21.104 428705480bps
80000 428705480 13 21.104 428705480bps
81000 428705480 13 21.104 428705480bps
81000 428705480 13 21.104 428705480bps
81000 428705480 13 21.104 428705480bps
81000 428705480 13 21.104 428705480bps
81000 428705480 13 21.104 428705480bps
81000 428705480 13 21.104 428705480bps
81000 428705480 13 21.104 428705480bps
81000 428705480 13 21.104 428705480bps
82000 428705480 13 21.104 428705480bps
82000 428705480 13 21.104 428705480bps
82000 428705480 13 21.104 428705480bps
82000 428705480 13 21.104 428705480bps
82000 428705480 13 21.104 428705480bps
82000 428705480 13 21.104 428705480bps
82000 428705480 13 21.104 428705480bps
83000 428705480 13 21.104 428705480bps
83000 428705480 13 21.104 428705480bps
83000 428705480 13 21.104 428705480bps
83000 428705480 13 21.104 428705480bps
83000 428705480 13 21.104 428705480bps
83000 428705480 13 21.104 428705480bps
83000 428705480 13 21.104 428705480bps
84000 428705480 13 21.104 428705480bps
84000 428705480 13 21.104 428705480bps
84000 428705480 13 21.104 428705480bps
84000 428705480 13 21.104 428705480bps
84000 428705480 13 21.104 428705480bps
84000 428705480 13 21.104 428705480bps
84000 428705480 13 21.104 428705480bps
85000 428705480 13 21.104 428705480bps
85000 428705480 13 21.104 428705480bps
85000 428705480 13 21.104 428705480bps
85000 428705480 13 21.104 428705480bps
85000 428705480 13 21.104 428705480bps
85000 428705480 13 21.104 428705480bps
85000 428705480 13 21.104 428705480bps
86000 428705480 13 21.104 428705480bps
86000 428705480 13 21.104 428705480bps
86000 428705480 13 21.104 428705480bps
86000 428705480 13 21.104 428705480bps
86000 428705480 13 21.104 428705480bps
86000 428705480 13 21.104 428705480bps
86000 428705480 13 21.104 428705480bps
87000 428705480 13 21.104 428705480bps
87000 428705480 13 21.104 428705480bps
87000 428705480 13 21.104 428705480bps
87000 428705480 13 21.104 428705480bps
87000 428705480 13 21.104 428705480bps
87000 428705480 13 21.104 428705480bps
87000 428705480 13 21.104 428705480bps
88000 428705480 13 21.104 428705480bps
88000 428705480 13 21.104 428705480bps
88000 428705480 13 21.104 428705480bps
88000 428705480 13 21.104 428705480bps
88000 428705480 13 21.104 428705480bps
88000 428705480 13 21.104 428705480bps
88000 428705480 13 21.104 428705480bps
89000 428705480 13 21.104 428705480bps
89000 428705480 13 21.104 428705480bps
89000 428705480 13 21.104 428705480bps
89000 428705480 13 21.104 428705480bps
89000 428705480 13 21.104 428705480bps
89000 428705480 13 21.104 428705480bps
89000 428705480 13 21.104 428705480bps
90000 428705480 13 21.104 428705480bps
90000 428705480 13 21.104 428705480bps
90000 428705480 13 21.104 428705480bps
90000 428705480 13 21.104 428705480bps
90000 428705480 13 21.104 428705480bps
90000 428705480 13 21.104 428705480bps
91000 428705480 13 21.104 428705480bps
91000 428705480 13 21.104 428705480bps
91000 428705480 13 21.104 428705480bps
91000 428705480 13 21.104 428705480bps
91000 428705480 13 21.104 428705480bps
91000 428705480 13 21.104 428705480bps
91000 428705480 13 21.104 428705480bps
92000 428705480 13 21.104 428705480bps
92000 428705480 13 21.104 428705480bps
92000 428705480 13 21.104 428705480bps
92000 428705480 13 21.104 428705480bps
92000 428705480 13 21.104 428705480bps
92000 428705480 13 21.104 428705480bps
93000 428705480 13 21.104 428705480bps
93000 428705480 13 21.104 428705480bps
93000 428705480 13 21.104 428705480bps
93000 428705480 13 21.104 428705480bps
93000 428705480 13 21.104 428705480bps
93000 428705480 13 21.104 428705480bps
93000 428705480 13 21.104 428705480bps
94000 428705480 13 21.104 428705480bps
94000 428705480 13 21.104 428705480bps
94000 428705480 13 21.104 428705480bps
94000 428705480 13 21.104 428705480bps
94000 428705480 13 21.104 428705480bps
94000 428705480 13 21.104 428705480bps
94000 428705480 13 21.104 428705480bps
95000 428705480 13 21.104 428705480bps
95000 428705480 13 21.104 428705480bps
95000 428705480 13 21.104 428705480bps
95000 428705480 13 21.104 428705480bps
95000 428705480 13 21.104 428705480bps
95000 428705480 13 21.104 428705480bps
96000 428705480 13 21.104 428705480bps
96000 428705480 13 21.104 428705480bps
96000 428705480 13 21.104 428705480bps
96000 428705480 13 21.104 428705480bps
96000 428705480 13 21.104 428705480bps
96000 428705480 13 21.104 428705480bps
96000 428705480 13 21.104 428705480bps
97000 428705480 13 21.104 428705480bps
97000 428705480 13 21.104 428705480bps
97000 428705480 13 21.104 428705480bps
97000 428705480 13 21.104 428705480bps
97000 428705480 13 21.104 428705480bps
97000 428705480 13 21.104 428705480bps
97000 428705480 13 21.104 428705480bps
98000 428705480 13 21.104 428705480bps
98000 428705480 13 21.104 428705480bps
98000 428705480 13 21.104 428705480bps
98000 428705480 13 21.104 428705480bps
98000 428705480 13 21.104 428705480bps
98000 428705480 13 21.104 428705480bps
98000 428705480 13 21.104 428705480bps
99000 428705480 13 21.104 428705480bps
99000 428705480 13 21.104 428705480bps
99000 428705480 13 21.104 428705480bps
99000 428705480 13 21.104 428705480bps
99000 428705480 13 21.104 428705480bps
99000 428705480 13 21.104 428705480bps
100000 428705480 13 21.104 428705480bps
100000 428705480 13 21.104 428705480bps
100000 428705480 13 21.104 428705480bps
100000 428705480 13 21.104 428705480bps
100000 428705480 13 21.104 428705480bps
100000 428705480 13 21.104 428705480bps
100000 428705480 13 21.104 428705480bps
101000 428705480 13 21.104 428705480bps
101000 428705480 13 21.104 428705480bps
101000 428705480 13 21.104 428705480bps
101000 428705480 13 21.104 428705480bps
101000 428705480 13 21.104 428705480bps
101000 428705480 13 21.104 428705480bps
101000 428705480 13 21.104 428705480bps
102000 428705480 13 21.104 428705480bps
102000 428705480 13 21.104 428705480bps
102000 428705480 13 21.104 428705480bps
102000 428705480 13 21.104 428705480bps
102000 428705480 13 21.104 428705480bps
102000 428705480 13 21.104 428705480bps
102000 428705480 13 21.104 428705480bps
103000 428705480 13 21.104 428705480bps
103000 428705480 13 21.104 428705480bps
103000 428705480 13 21.104 428705480bps
103000 428705480 13 21.104 428705480bps
103000 428705480 13 21.104 428705480bps
103000 428705480 13 21.104 428705480bps
104000 428705480 13 21.104 428705480bps
104000 428705480 13 21.104 428705480bps
104000 428705480 13 21.104 428705480bps
104000 428705480 13 21.104 428705480bps
104000 428705480 13 21.104 428705480bps
104000 428705480 13 21.104 428705480bps
104000 428705480 13 21.104 428705480bps
105000 428705480 13 21.104 428705480bps
105000 428705480 13 21.104 428705480bps
105000 428705480 13 21.104 428705480bps
105000 428705480 13 21.104 428705480bps
105000 428705480 13 21.104 428705480bps
105000 428705480 13 21.104 428705480bps
105000 428705480 13 21.104 428705480bps
106000 428705480 13 21.104 428705480bps
106000 428705480 13 21.104 428705480bps
106000 428705480 13 21.104 428705480bps
106000 428705480 13 21.104 428705480bps
106000 428705480 13 21.104 428705480bps
106000 428705480 13 21.104 428705480bps
107000 428705480 13 21.104 428705480bps
107000 428705480 13 21.104 428705480bps
107000 428705480 13 21.104 428705480bps
107000 428705480 13 21.104 428705480bps
107000 428705480 13 21.104 428705480bps
107000 428705480 13 21.104 428705480bps
107000 428705480 13 21.104 428705480bps
108000 428705480 13 21.104 428705480bps
108000 428705480 13 21.104 428705480bps
108000 428705480 13 21.104 428705480bps
108000 428705480 13 21.104 428705480bps
108000 428705480 13 21.104 428705480bps
108000 428705480 13 21.104 428705480bps
108000 428705480 13 21.104 428705480bps
109000 428705480 13 21.104 428705480bps
109000 428705480 13 21.104 428705480bps
109000 428705480 13 21.104 428705480bps
109000 428705480 13 21.104 428705480bps
109000 428705480 13 21.104 428705480bps
109000 428705480 13 21.104 428705480bps
110000 428705480 13 21.104 428705480bps
110000 428705480 13 21.104 428705480bps
110000 428705480 13 21.104 428705480bps
110000 428705480 13 21.104 428705480bps
110000 428705480 13 21.104 428705480bps
110000 428705480 13 21.104 428705480bps
111000 428705480 13 21.104 428705480bps
111000 428705480 13 21.104 428705480bps
111000 428705480 13 21.104 428705480bps
111000 428705480 13 21.104 428705480bps
111000 428705480 13 21.104 428705480bps
111000 428705480 13 21.104 428705480bps
111000 428705480 13 21.104 428705480bps
112000 428705480 13 21.104 428705480bps
112000 428705480 13 21.104 428705480bps
112000 428705480 13 21.104 428705480bps
112000 428705480 13 21.104 428705480bps
112000 428705480 13 21.104 428705480bps
112000 428705480 13 21.104 428705480bps
112000 428705480 13 21.104 428705480bps
113000 428705480 13 21.104 428705480bps
113000 428705480 13 21.104 428705480bps
113000 428705480 13 21.104 428705480bps
113000 428705480 13 21.104 428705480bps
113000 428705480 13 21.104 428705480bps
113000 428705480 13 21.104 428705480bps
114000 428705480 13 21.104 428705480bps
114000 428705480 13 21.104 428705480bps
114000 428705480 13 21.104 428705480bps
114000 428705480 13 21.104 428705480bps
114000 428705480 13 21.104 428705480bps
114000 428705480 13 21.104 428705480bps
114000 428705480 13 21.104 428705480bps
115000 428705480 13 21.104 428705480bps
115000 428705480 13 21.104 428705480bps
115000 428705480 13 21.104 428705480bps
115000 428705480 13 21.104 428705480bps
115000 428705480 13 21.104 428705480bps
115000 428705480 13 21.104 428705480bps
115000 428705480 13 21.104 428705480bps
116000 428705480 13 21.104 428705480bps
116000 428705480 13 21.104 428705480bps
116000 428705480 13 21.104 428705480bps
116000 428705480 13 21.104 428705480bps
116000 428705480 13 21.104 428705480bps
116000 428705480 13 21.104 428705480bps
117000 428705480 13 21.104 428705480bps
117000 428705480 13 21.104 428705480bps
117000 428705480 13 21.104 428705480bps
117000 428705480 13 21.104 428705480bps
117000 428705480 13 21.104 428705480bps
117000 428705480 13 21.104 428705480bps
118000 428705480 13 21.104 428705480bps
118000 428705480 13 21.104 428705480bps
118000 428705480 13 21.104 428705480bps
118000 428705480 13 21.104 428705480bps
118000 428705480 13 21.104 428705480bps
118000 428705480 13 21.104 428705480bps
119000 428705480 13 21.104 428705480bps
119000 428705480 13 21.104 428705480bps
119000 428705480 13 21.104 428705480bps
119000 428705480 13 21.104 428705480bps
120000 428705480 13 21.104 428705480bps
120000 428705480 13 21.104 428705480bps
120000 428705480 13 21.104 428705480bps
120000 428705480 13 21.104 428705480bps
120000 428705480 14 54.466 428705480bps
120000 NA NA NA none
